- OS: Windows-10-10.0.22621-SP0 10.0.22621
- Python: 3.11.4
- Stable-Baselines3: 2.1.0
- PyTorch: 2.0.1
- GPU Enabled: True
- Numpy: 1.25.2
- Cloudpickle: 2.2.1
- Gymnasium: 0.29.1
- OpenAI Gym: 0.26.2
